B = [1+2i, 3-1j; 4, 5i]