v1 = 1:5
v2 = 0:0.2:1
v3 = 5:-1:1